// basic doorframe
// copy via Ctrl+A, then Ctrl+C and paste the brush in Trenchbroom window via Ctrl+V
{
"classname" "worldspawn"
// brush 0
{
( 93 -224 -16 ) ( 93 -223 -16 ) ( 93 -224 -15 ) common/a_green_dark_lm 64 0 0 0.5 0.5 134217728 0 0
( 44 -226 -16 ) ( 44 -226 -15 ) ( 45 -226 -16 ) common/a_green_dark_lm 40 0 0 0.5 0.5 134217728 0 0
( 44 -224 -16 ) ( 45 -224 -16 ) ( 44 -223 -16 ) common/aaa 40 -64 0 0.5 0.5 134217728 0 0
( 172 -96 53 ) ( 172 -95 53 ) ( 173 -96 53 ) common/aaa 40 -64 0 0.5 0.5 134217728 0 0
( 172 -216 16 ) ( 173 -216 16 ) ( 172 -216 17 ) common/a_green_dark_lm 40 0 0 0.5 0.5 134217728 0 0
( 94 -96 16 ) ( 94 -96 17 ) ( 94 -95 16 ) common/a_green_dark_lm 64 0 0 0.5 0.5 134217728 0 0
}
// brush 1
{
( 35 -224 53 ) ( 35 -224 52 ) ( 35 -223 53 ) common/aaa 0 54 0 0.5 -0.5 134217728 0 0
( 14 -226 53 ) ( 15 -226 53 ) ( 14 -226 52 ) common/a_green_dark_lm 4 6 0 0.5 -0.5 134217728 0 0
( 142 -96 52 ) ( 143 -96 52 ) ( 142 -95 52 ) common/a_green_dark_lm 4 0 0 0.5 0.5 134217728 0 0
( 14 -224 53 ) ( 14 -223 53 ) ( 15 -224 53 ) common/a_green_dark_lm 4 0 0 0.5 0.5 134217728 0 0
( 142 -216 21 ) ( 142 -216 20 ) ( 143 -216 21 ) common/a_green_dark_lm 4 6 0 0.5 -0.5 134217728 0 0
( 93 -96 21 ) ( 93 -95 21 ) ( 93 -96 20 ) common/aaa 0 54 0 0.5 -0.5 134217728 0 0
}
// brush 2
{
( 34 -224 -16 ) ( 34 -223 -16 ) ( 34 -224 -15 ) common/a_green_dark_lm 64 0 0 0.5 0.5 134217728 0 0
( -15 -226 -16 ) ( -15 -226 -15 ) ( -14 -226 -16 ) common/a_green_dark_lm 158 0 0 0.5 0.5 134217728 0 0
( -15 -224 -16 ) ( -14 -224 -16 ) ( -15 -223 -16 ) common/aaa 158 -64 0 0.5 0.5 134217728 0 0
( 113 -96 53 ) ( 113 -95 53 ) ( 114 -96 53 ) common/aaa 158 -64 0 0.5 0.5 134217728 0 0
( 113 -216 16 ) ( 114 -216 16 ) ( 113 -216 17 ) common/a_green_dark_lm 158 0 0 0.5 0.5 134217728 0 0
( 35 -96 16 ) ( 35 -96 17 ) ( 35 -95 16 ) common/a_green_dark_lm 64 0 0 0.5 0.5 134217728 0 0
}
// brush 3
{
( 35 -224 -16 ) ( 35 -223 -16 ) ( 35 -224 -15 ) common/caulk 0 0 0 0.5 0.5 134217728 0 0
( 14 -226 -16 ) ( 14 -226 -15 ) ( 15 -226 -16 ) e7/e7panelwood 100 0 0 0.5 0.5 134217728 0 0
( 14 -224 -16 ) ( 15 -224 -16 ) ( 14 -223 -16 ) common/caulk 100 -64 0 0.5 0.5 134217728 0 0
( 142 -96 -15 ) ( 142 -95 -15 ) ( 143 -96 -15 ) e7/e7panelwood 100 -64 0 0.5 0.5 134217728 0 0
( 142 -216 16 ) ( 143 -216 16 ) ( 142 -216 17 ) e7/e7panelwood 100 0 0 0.5 0.5 134217728 0 0
( 93 -96 16 ) ( 93 -96 17 ) ( 93 -95 16 ) common/caulk 0 0 0 0.5 0.5 134217728 0 0
}
}
